lambda sigmaxx
1 -0.0717329750293451
1.000199 0.0058484283051364
1.000399 -0.0258710655645883
1.000599 0.0321228831909456
1.000799 -0.0014883907663129
1.000999 0.00506716158633402
1.001199 0.0169501063715246
1.001399 -0.00925820310494872
1.001599 -0.0187787184758246
1.001799 0.0113462942431025
1.001999 0.0190283059630414
1.002199 0.0154550180737865
1.002399 0.000805176656985556
1.002599 -0.00438030172167692
1.002799 -0.00785771789048474
1.002999 -0.00349580776055851
1.003199 0.00803145941217758
1.003399 -0.00766905735888359
1.003599 0.00884065368652428
1.003799 0.00860886030197619
1.003999 -0.0131819198576886
1.004199 0.00684217151957814
1.004399 0.0151271068071665
1.004599 0.00240383246339269
1.004799 -0.00425217681630619
1.004999 -0.0104257030195729
1.005199 0.0119923950434335
1.005399 -0.0135507410328562
1.005599 -0.017319301475383
1.005799 -0.00967682823693888
1.005999 0.00674572797308165
1.006199 -0.00158636308151488
1.006399 0.0127902532786697
1.006599 -0.00998288624815291
1.006799 0.0237195556325988
1.006999 0.0139131225798354
1.007199 -0.0179597931728999
1.007399 0.00301161618291023
1.007599 0.0142108616417443
1.007799 -0.00134473260513999
1.007999 0.00943664819190866
1.008199 -0.0137009402742062
1.008399 -0.00103959813606041
1.008599 0.021434121931353
1.008799 -0.0277955661557026
1.008999 0.0128599110744616
1.009199 -0.0145520606637561
1.009399 -0.00539918479914955
1.009599 0.0104238514004918
1.009799 0.00607866144103927
1.009999 0.012960214529848
1.010199 -0.0106158678737006
1.010399 -0.00212881587172667
1.010599 -0.000842240552856163
1.010799 0.0228929714677514
1.010999 -0.0116144736979614
1.011199 -0.00887267338894003
1.011399 0.00539889546435496
1.011599 -0.0115368212979566
1.011799 -0.00122586009494125
1.011999 0.00744055840428764
1.012199 0.0100370266798114
1.012399 -0.00137641789299574
1.012599 -0.0211091982187063
1.012799 -0.000825046501345479
1.012999 -0.00821143000865247
1.013199 -0.0131615344552939
1.013399 0.011817255547047
1.013599 0.00922382105468314
1.013799 0.00173096627184154
1.013999 -0.0124647613013744
1.014199 0.00283844038749342
1.014399 -0.0264649734756807
1.014599 0.0105391770552913
1.014799 -0.0112441984591985
1.014999 0.000744724746033246
1.015199 0.00641748211108548
1.015399 -0.0152898072417591
1.015599 0.00666224909297
1.015799 0.0160731523860346
1.015999 -0.0185765729550467
1.016199 0.00296922316757068
1.016399 0.00228684699707448
1.016599 0.0118877898446109
1.016799 0.000889892013811192
1.016999 0.00300185310418427
1.017199 -0.00634277304181969
1.017399 -0.0275750917880803
1.017599 0.000385772031602445
1.017799 0.0126239441699828
1.017999 0.0114687842524422
1.018199 -0.0125044631640356
1.018399 0.00377406480524769
1.018599 0.0280503686977586
1.018799 -0.0364919915117285
1.018999 0.0152092710198758
1.019199 -0.00554015602062566
1.019399 0.0219878598006288
1.019599 -0.0148235613976262
1.019799 0.0265044797999319
1.019999 -0.00945559194180603
1.020199 -0.00127280237033446
1.020399 -0.00199601193421914
1.020599 0.0154707495670111
1.020799 0.00340197795894831
1.020999 0.00351568878095072
1.021199 -0.0229527971163349
1.021399 -0.0124194517009508
1.021599 0.00871866817693159
1.021799 -0.01843166072279
1.021999 -0.00643177504250085
1.022199 0.00396455503178811
1.022399 -0.0126812485329389
1.022599 0.0125542454022157
1.022799 0.015141959799556
1.022999 -0.00724981285515365
1.023199 0.00256592940754153
1.023399 -0.00840610194775199
1.023599 0.000949728471676117
1.023799 0.0234674967381194
1.023999 -0.0211948269725237
1.024199 -0.0184376137914952
1.024399 0.00903343922924952
1.024599 0.0108707788006597
1.024799 0.00428363751237904
1.024999 0.00441004650023084
1.025199 0.00970243026112516
1.025399 0.00604313201018319
1.025599 0.0183284221571128
1.025799 -0.0062864644347929
1.025999 -0.00259138584999949
1.026199 0.00723691997377161
1.026399 -0.019468206300612
1.026599 -0.00380902730924438
1.026799 -0.00370298770246584
1.026999 0.00748672245231636
1.027199 -0.00979437176645382
1.027399 -0.0126611194471902
1.027599 0.0105685253305251
1.027799 -0.00835803471849643
1.027999 -0.000409747027548762
1.028199 -0.00279647229167841
1.028399 -0.0308119622726994
1.028599 -0.00565419317048876
1.028799 -0.00875129534473477
1.028999 -0.0104882980280639
1.029199 0.0183099702387455
1.029399 0.000572379066803752
1.029599 -0.00981581726715598
1.029799 0.0180951397425752
1.029999 -0.0360836293332098
1.030199 0.016239456552654
1.030399 0.0150161073940889
1.030599 -0.0208805478684593
1.030799 0.0165984024068701
1.030999 0.00841080638884428
1.031199 0.0142202523703519
1.031399 0.00175287983848236
1.031599 0.00707598910110228
1.031799 -0.000371660985327326
1.031999 6.67978970972584e-05
1.032199 0.00346394106223975
1.032399 -0.00514681976134931
1.032599 -0.0220623661191963
1.032799 0.000421297034290358
1.032999 0.0253577047417674
1.033199 -0.00888430760101157
1.033399 0.000814599903172961
1.033599 -0.00590585669252272
1.033799 0.00628314820947269
1.033999 -0.00939646507158388
1.034199 -0.00298203119777811
1.034399 0.00984075891023588
1.034599 -0.0176546458461496
1.034799 -0.00601423438630189
1.034999 -0.0122962575913131
1.035199 0.00469282393227043
1.035399 0.0274915014182354
1.035599 -0.00890994835965139
1.035799 -0.00263687237836101
1.035999 -0.0122592916562715
1.036199 -0.00485709139191937
1.036399 -0.00427820843492882
1.036599 0.00144998567428621
1.036799 -0.00513526350425854
1.036999 -0.000952282601927779
1.037199 -0.00160757299321907
1.037399 0.0271821407316306
1.037599 0.0121936672409203
1.037799 -0.0277294833306334
1.037999 0.00123566276046748
1.038199 0.00640403095883961
1.038399 0.0209938332541269
1.038599 -0.014564627685877
1.038799 -0.00490753594732556
1.038999 -0.0104546530155017
1.039199 -0.00188528742062646
1.039399 0.0103135691515066
1.039599 0.013563753752626
1.039799 0.00326139314927794
1.039999 -0.0144933633753069
1.040199 0.016845494104945
1.040399 -0.00120452228378877
1.040599 -0.00738274137392507
1.040799 -0.01088971022806
1.040999 0.00629503124469436
1.041199 -0.00710516041944544
1.041399 0.0112470358713754
1.041599 -0.0101166163370668
1.041799 -0.0115994329269183
1.041999 -0.0139897357189608
1.042199 0.00456300924265631
1.042399 -0.00593365376411444
1.042599 0.00624792824580843
1.042799 0.00248823260449958
1.042999 0.000921689572922887
1.043199 0.0157269054838805
1.043399 -0.0100036867507403
1.043599 0.0045886910851367
1.043799 0.000904002988620283
1.043999 0.0102739226937275
1.044199 -0.00822255764844577
1.044399 -0.0089407507583918
1.044599 0.0163953146749735
1.044799 -0.0139474099212209
1.044999 0.00660486928571241
1.045199 0.0112752203277595
1.045399 0.00494488741285653
1.045599 -0.0063798503892834
1.045799 -0.0055301486704152
1.045999 0.00660622489641915
1.046199 -0.0070070030288415
1.046399 -0.00374048061113527
1.046599 0.040213475715874
1.046799 -0.00266997678551285
1.046999 0.00612422294038286
1.047199 0.00923006887727152
1.047399 -0.00850520275960018
1.047599 0.00819597526335038
1.047799 0.00920170501647458
1.047999 -0.00989598362135603
1.048199 0.000877485248920692
1.048399 0.0026909162030655
1.048599 -0.00648729231290511
1.048799 0.0229900474572758
1.048999 -0.024605778616917
1.049199 0.0117220804434173
1.049399 -0.00410858737658846
1.049599 0.00616227928044008
1.049799 0.00601558095199699
1.049999 0.00760581525128231
1.050199 -0.0101155717463185
1.050399 0.000972319723614778
1.050599 0.0062223165726723
1.050799 0.000698010842867734
1.050999 -0.0118211245896038
1.051199 0.0129067396470932
1.051399 0.00242156150406741
1.051599 -0.0126794214667612
1.051799 0.010087647132809
1.051999 0.000916845214021501
1.052199 0.0161775657391495
1.052399 -0.0223690035497684
1.052599 -0.0119438379396093
1.052799 -0.0109760916460733
1.052999 -0.00887404835812248
1.053199 0.0200009792002511
1.053399 0.0129225940676227
1.053599 0.0078982579623513
1.053799 -0.00932739626115655
1.053999 0.00472682540644917
1.054199 -0.00636740035352403
1.054399 -0.00145128244997661
1.054599 0.00478540426190597
1.054799 -0.010512348447775
1.054999 0.0152973860385885
1.055199 0.00511944319259087
1.055399 0.00742139296632721
1.055599 -0.0296539939117509
1.055799 0.0112566078773245
1.055999 -0.0108496098281928
1.056199 0.000675348657710382
1.056399 0.00175926007226914
1.056599 0.0175195221667329
1.056799 -0.0184729544827743
1.056999 0.00617856090810983
1.057199 0.00376033401013538
1.057399 -0.00782719748682541
1.057599 0.000670383193611255
1.057799 0.00323249675529138
1.057999 0.00495954937289378
1.058199 -0.0182261509188182
1.058399 0.0194146372570595
1.058599 -0.00610100106952738
1.058799 0.00259017385151601
1.058999 -0.00494438339425419
1.059199 0.00469582164963994
1.059399 0.0181860251943058
1.059599 -0.00555459048250636
1.059799 -0.0103634466272244
1.059999 0.0240061399438685
1.060199 -0.0142267766933588
1.060399 0.00882333014932418
1.060599 -0.00386529996343197
1.060799 0.0276472389132988
1.060999 -0.0235466758911413
1.061199 0.00532966946603839
1.061399 -0.0132288313239526
1.061599 0.00706792397597626
1.061799 0.012602462834116
1.061999 -0.0173706875360818
1.062199 -0.00839960608583657
1.062399 0.00339412069233344
1.062599 -0.0142428974317422
1.062799 0.0206218874554171
1.062999 0.00741941366340457
1.063199 0.0015576844022184
1.063399 -0.00087219549422411
1.063599 0.00225606247232702
1.063799 -0.0284980887590902
1.063999 -0.0204930277409062
1.064199 0.000803663594744562
1.064399 0.00772647560862077
1.064599 0.00861773478964761
1.064799 -0.00839631975522479
1.064999 -0.016570472074878
1.065199 0.0151015898088103
1.065399 -0.0168885948072155
1.065599 0.00974082310250735
1.065799 -0.00979245481962899
1.065999 -0.0039049171351011
1.066199 0.0128084652082818
1.066399 0.00093165689758316
1.066599 -0.0206373655629387
1.066799 -0.0254721886024879
1.066999 0.000225696364762858
1.067199 -0.0215969282131665
1.067399 0.00641863864296391
1.067599 -0.00531283270080484
1.067799 -0.0114215020185772
1.067999 0.00685493017465629
1.068199 -0.0199847546923593
1.068399 0.00323235283107349
1.068599 -0.00542679514164857
1.068799 0.0234121330203059
1.068999 -0.00937292691860859
1.069199 0.00387791264708311
1.069399 -0.00390873914696264
1.069599 -0.00595314138265864
1.069799 0.00450671256877147
1.069999 0.00731444254926059
1.070199 -0.00171096869827612
1.070399 -0.00991647512796662
1.070599 0.00719704717062634
1.070799 0.0131452743538517
1.070999 0.0125343912275705
1.071199 -0.022882990391862
1.071399 0.0219187155758627
1.071599 -0.0109585852955498
1.071799 0.00229856717803963
1.071999 0.00367395550870821
1.072199 0.00404969705537569
1.072399 -0.00719566916479413
1.072599 0.000470385128332304
1.072799 -0.00126709391302536
1.072999 -0.0160264461008669
1.073199 0.00761319313336648
1.073399 0.00603467684982354
1.073599 0.0172361881936095
1.073799 -0.0190544863778898
1.073999 -0.00578056859577134
1.074199 0.0202911926322634
1.074399 0.010017467855787
1.074599 -0.0137673558383568
1.074799 0.0128758451092754
1.074999 0.00571876776758772
1.075199 0.000968184470114712
1.075399 0.0129506408626271
1.075599 -0.0245335162115128
1.075799 0.0236499762111961
1.075999 0.0137830713979037
1.076199 -0.0108180203385783
1.076399 0.0141088625251304
1.076599 0.0143195517532207
1.076799 0.00154397942694106
1.076999 0.0113828284764518
1.077199 -0.0193481950814625
1.077399 0.0115753063761344
1.077599 -0.0208090945775372
1.077799 0.014814291014835
1.077999 -0.0124507571319302
1.078199 0.00272148457771086
1.078399 -0.0105803624885153
1.078599 0.00116146400344191
1.078799 0.00674369032970572
1.078999 0.000808513011530003
1.079199 0.00773586944170724
1.079399 -0.00558618701782703
1.079599 0.0011013214992939
1.079799 -0.01351705757502
1.079999 -0.00437823914514348
1.080199 -0.00821598655222889
1.080399 -0.0119701699912683
1.080599 0.00201184816322722
1.080799 0.00725546398032004
1.080999 0.00685249688296336
1.081199 -0.0206991189892187
1.081399 0.0180838724493638
1.081599 0.00677125137393712
1.081799 0.00705691020662953
1.081999 -0.00787186189873644
1.082199 0.00625127097391336
1.082399 0.00715440045322169
1.082599 -0.00968067027474027
1.082799 0.000523490894105837
1.082999 -0.00355667395867514
1.083199 0.00905732628727
1.083399 0.00337175293928852
1.083599 -0.0201834839863597
1.083799 0.00690676045606199
1.083999 -0.00334671444745404
1.084199 -0.0113337936077466
1.084399 -0.00239727896980504
1.084599 -0.0207757417003896
1.084799 0.00453733197711078
1.084999 0.00189055637197061
1.085199 -0.00179293461837389
1.085399 0.000322831687217728
1.085599 -0.0139427106613538
1.085799 0.00685241849796543
1.085999 0.0217250605318218
1.086199 0.0277793270695294
1.086399 -0.0190817798794884
1.086599 -0.00892903849472343
1.086799 0.0224762221050106
1.086999 -0.0111766582139753
1.087199 -0.00312835621127742
1.087399 -0.0098552018346305
1.087599 0.00660593476027592
1.087799 -0.0224483898227946
1.087999 0.00272691636384286
1.088199 0.0109624269903671
1.088399 -0.011668985088612
1.088599 0.0171211797503086
1.088799 -0.00699763738693623
1.088999 0.013280068378809
1.089199 -0.0051725319667894
1.089399 0.00445517381051721
1.089599 0.0066167552212093
1.089799 -0.00375763192827338
1.089999 0.0153589187904242
1.090199 -0.0104610475680172
1.090399 0.00109027836077336
1.090599 0.0133227547161966
1.090799 -0.00345661369811756
1.090999 -0.0315366781590232
1.091199 0.0111025848825834
1.091399 -0.00216133373162138
1.091599 -0.0279299292823442
1.091799 -0.00421311113666441
1.091999 -0.0177933575756944
1.092199 0.00913227517552325
1.092399 -0.00623560752338793
1.092599 0.0019223621081795
1.092799 -0.0060673039944958
1.092999 0.0119584845471335
1.093199 0.0161690120253185
1.093399 -0.0116641595642903
1.093599 0.0191226779977992
1.093799 -0.0198709904699147
1.093999 -0.0146262757548288
1.094199 0.00694759629682425
1.094399 -0.00176382881628569
1.094599 5.13130286559036e-05
1.094799 0.00725099804943475
1.094999 -0.00306890404732533
1.095199 -0.0203554795850051
1.095399 -0.0227839755896385
1.095599 0.00911115292150898
1.095799 0.00370931172448662
1.095999 0.000363696964587188
1.096199 -0.0224789743431539
1.096399 0.017658064083178
1.096599 -0.00930909983505862
1.096799 0.00243070082347838
1.096999 -0.00544979645264179
1.097199 -0.0181370826717529
1.097399 0.00388679313271729
1.097599 0.014497560452307
1.097799 -0.0185550676840355
1.097999 -0.0156907946176316
1.098199 -0.00284042050414263
1.098399 -0.00524969740850407
1.098599 -0.00213368337120252
1.098799 0.009924304765858
1.098999 0.0219479763076256
1.099199 -0.00528773197372747
1.099399 -0.0166938325865882
1.099599 0.00398035657709184
1.099799 -0.0102121153880467
1.099999 0.0135841186827921
1.100199 -0.00180942407697461
1.100399 -0.0178969178192138
1.100599 0.0161867078221415
1.100799 -0.00272930106154719
1.100999 -0.0102702384916645
1.101199 -0.0257784508081289
1.101399 0.027853055263959
1.101599 0.00751455861447988
1.101799 -0.00584082776037123
1.101999 0.0112490824673663
1.102199 0.0150683059381088
1.102399 -0.0167220437659062
1.102599 -0.0075987176558155
1.102799 -0.00144200678634572
1.102999 -0.00287337513341527
1.103199 -0.00696141906649396
1.103399 0.0137906415839516
1.103599 -0.00268273386715207
1.103799 -0.0133100687682117
1.103999 0.0218561542344642
1.104199 -0.0094208915798591
1.104399 -0.00587349775883588
1.104599 0.000186892868938493
1.104799 -0.0304294014511998
1.104999 -0.00213181897612053
1.105199 0.0179974790053042
1.105399 -0.0234937623343618
1.105599 -0.00364771637732582
1.105799 0.00773690974831193
1.105999 -0.00144580389357488
1.106199 0.00157180677164005
1.106399 -0.00423024780310496
1.106599 0.0238523669824287
1.106799 -0.0131575621169102
1.106999 0.00258433860811571
1.107199 -0.0122837569997915
1.107399 0.00238782690160878
1.107599 0.00719394050875838
1.107799 0.00163621198730135
1.107999 0.00507697733999893
1.108199 0.0112073595030574
1.108399 1.67153722798094e-05
1.108599 -0.000452480595747984
1.108799 0.0135151360731288
1.108999 -0.0232903606154
1.109199 0.0244078236187452
1.109399 -0.00212020049371248
1.109599 -0.0434497742527224
1.109799 0.00202283178608348
1.109999 0.0194203849557244
1.110199 -0.00859366650776409
1.110399 0.0041261671051369
1.110599 0.010210940128698
1.110799 -0.00907467168678687
1.110999 0.00569448081316891
1.111199 0.015768338142204
1.111399 0.00517019053494353
1.111599 -0.0110560527931392
1.111799 0.00726724496693101
1.111999 -0.00629592619842571
1.112199 0.00389910813668318
1.112399 -0.00534339626564937
1.112599 -0.00171567223791231
1.112799 -0.0162733405405524
1.112999 0.00918280194748382
1.113199 0.0209198856632036
1.113399 -0.00163071360769605
1.113599 0.00543149967838507
1.113799 -0.0122983709229342
1.113999 0.00681190883264552
1.114199 0.0165167536142946
1.114399 -0.006768896796589
1.114599 0.0185132259911856
1.114799 -0.0139389616642088
1.114999 -0.00348255489788845
1.115199 -0.0023705281341857
1.115399 0.0266382311860107
1.115599 -0.0160193750978214
1.115799 -0.0126974392245031
1.115999 0.017826740456937
1.116199 -0.00747927407410136
1.116399 -0.0162444716242916
1.116599 0.0146043804908779
1.116799 0.00445117117930886
1.116999 0.0169619747272153
1.117199 -0.0166984709958681
1.117399 0.00674792356420603
1.117599 -0.0257603043837611
1.117799 0.00991936520302586
1.117999 -0.00495618920849619
1.118199 -0.00806563375260796
1.118399 0.018698830323042
1.118599 0.00574374774045189
1.118799 -0.00495277694285555
1.118999 -0.00293396846164463
1.119199 0.0100067871082604
1.119399 -0.0217975868931977
1.119599 0.0113435928693327
1.119799 -0.023201475370071
1.119999 -0.0128393285009079
1.120199 0.0239923977581424
1.120399 0.0324505780848907
1.120599 -0.00616352382398634
1.120799 0.00611195527188327
1.120999 -0.0191447300732442
1.121199 0.00142998156127816
1.121399 0.0219367320217971
1.121599 0.0267064035227889
1.121799 -0.0184796372431507
1.121999 -0.0149664630412717
1.122199 -0.00483550084175601
1.122399 0.0158154173968138
1.122599 -0.0140373387257405
1.122799 -0.0161921688647912
1.122999 -0.0198338681950486
1.123199 0.0247676114085786
1.123399 0.00814692325854614
1.123599 -0.0110832700766423
1.123799 -0.0437272658655898
1.123999 0.0196781331535626
1.124199 -0.0164112344872037
1.124399 0.0159690550493439
1.124599 -0.015347915681248
1.124799 0.00944528986208499
1.124999 0.00645811311782328
1.125199 -0.00891437005828269
1.125399 -0.0171413079263625
1.125599 -0.00565975565095266
1.125799 -0.00147008706745121
1.125999 0.000604715337896133
1.126199 0.00458429851482615
1.126399 -0.0193384470227496
1.126599 0.0259259868290707
1.126799 0.0133897898479624
1.126999 -0.0446962051784207
1.127199 -0.0132672414174515
1.127399 0.0180862582715086
1.127599 -0.00281187461630957
1.127799 -0.0245944293830325
1.127999 0.00920123849388561
1.128199 -0.00485230025991148
1.128399 0.0123797122216291
1.128599 -0.00476350579849689
1.128799 -0.0105609357099089
1.128999 0.0122057752820054
1.129199 0.0197113350986373
1.129399 -0.0283932241019023
1.129599 0.013099659030333
1.129799 -0.00112095268711546
1.129999 -0.0141135316080465
1.130199 0.0176638509116083
1.130399 0.0083481748543061
1.130599 -0.0018634789595843
1.130799 -0.0177492238686955
1.130999 -0.00926629386070104
1.131199 0.0119510915274269
1.131399 -0.000760507028541348
1.131599 0.00595735094914476
1.131799 -0.0149707906076866
1.131999 -0.0191315943525585
1.132199 0.00935175154378595
1.132399 0.00723870887071676
1.132599 -0.00919224378887829
1.132799 -0.00543562406204487
1.132999 0.0135396745030797
1.133199 -0.00284893322331777
1.133399 -0.0033536154400068
1.133599 0.0136015506699271
1.133799 -0.00344457931811851
1.133999 0.00567865665785606
1.134199 0.00876525844086322
1.134399 -0.00224882241037798
1.134599 -0.00451150676041161
1.134799 0.0158611346634769
1.134999 0.00376296000662186
1.135199 -0.00475218156019645
1.135399 0.00161302893469807
1.135599 -0.0126882009898178
1.135799 0.0189122224049163
1.135999 -0.015067746126932
1.136199 -0.00364299782576208
1.136399 -0.00277051024780039
1.136599 0.00870155081663503
1.136799 0.00663121078690369
1.136999 -0.0161482175195179
1.137199 -0.00485265596825485
1.137399 -0.00801631654760119
1.137599 0.00670726508722432
1.137799 -0.00153308707605825
1.137999 -0.00079797749840099
1.138199 0.00546911764913392
1.138399 -0.0168894816585289
1.138599 -0.00120508394421853
1.138799 -0.00130137078796159
1.138999 -0.00912997188468702
1.139199 -0.0230169456982212
1.139399 -0.00774593581799268
1.139599 -0.00151251132476927
1.139799 -0.0140399959049942
1.139999 -0.00448353679910158
1.140199 0.00758878858344613
1.140399 -0.0165701222119513
1.140599 -0.00129647182574526
1.140799 -0.00364607692782348
1.140999 0.00993750276928919
1.141199 0.0107576627232003
1.141399 -0.00548549731744372
1.141599 -0.00554291242839237
1.141799 -0.0167288415909967
1.141999 0.0163946884586122
1.142199 -0.0121389547274249
1.142399 -0.0122073893913496
1.142599 -0.00370616143969086
1.142799 0.00160512182225442
1.142999 0.0127550176420482
1.143199 0.00883823614574153
1.143399 -0.0149976444758134
1.143599 -0.00249300935845907
1.143799 -0.00383975229279723
1.143999 -0.0328369845277439
1.144199 0.00788360299621236
1.144399 0.00315024798339821
1.144599 0.00996077934895908
1.144799 -0.0177072390941922
1.144999 0.0174973719880248
1.145199 -0.0188761543938293
1.145399 -0.0105408143996898
1.145599 -0.0155698068860868
1.145799 -0.00859672387043647
1.145999 0.0143899628944319
1.146199 0.0116915027795963
1.146399 -0.0122955884446433
1.146599 0.00618026888884383
1.146799 0.00390266998149119
1.146999 -0.00511560817714928
1.147199 -0.00541208871165224
1.147399 0.00531367851566385
1.147599 -0.00765965743644145
1.147799 -0.0104489602495128
1.147999 0.00442716249629821
1.148199 -0.00227464493179593
1.148399 -0.00606466576140225
1.148599 -0.000409447331091674
1.148799 -0.00625471681241455
1.148999 0.00770436437384151
1.149199 0.0110780755245193
1.149399 3.6654832264051e-05
1.149599 -0.00436987240978241
1.149799 0.0290219184910708
1.149999 0.00119734496585267
1.150199 -0.00987267451371527
1.150399 0.00147901284792263
1.150599 0.0115586166773747
1.150799 0.0100450326181775
1.150999 -0.00629987804695312
1.151199 -0.00655603247244333
1.151399 -0.00785217323837951
1.151599 -0.00626228236682421
1.151799 0.014047056516398
1.151999 -0.0209003618335993
1.152199 0.0416644161325981
1.152399 0.00742384825592009
1.152599 -0.0055245511866504
1.152799 -0.0096374662945177
1.152999 -0.00954705335719304
1.153199 0.0354642480814083
1.153399 -0.0232761432376428
1.153599 0.00273884040675544
1.153799 -0.00417857943292066
1.153999 -0.00311184383662461
1.154199 0.00279164184956562
1.154399 -0.00646908469057693
1.154599 0.0185658949578119
1.154799 -0.00162777894616057
1.154999 0.00262926364283399
1.155199 0.00914034971500979
1.155399 -0.000835530627547681
1.155599 0.0096796790889014
1.155799 0.0111293302578969
1.155999 -0.0261336703597039
1.156199 0.0281949971034287
1.156399 0.00788940611234822
1.156599 -0.00110937946617509
1.156799 -0.0100389938937235
1.156999 0.00780897072200881
1.157199 -0.00477858203546227
1.157399 -0.0145420691141415
1.157599 -0.0118350868609443
1.157799 0.0094328983376572
1.157999 -0.0192166150379845
1.158199 0.00466299519739274
1.158399 -0.0170066796104939
1.158599 0.00861828635679433
1.158799 -0.00673227378088627
1.158999 0.00264203395177742
1.159199 0.00534304780478709
1.159399 0.0114571276151469
1.159599 -0.0135384165379226
1.159799 -0.000393204971874751
1.159999 0.00887389645853225
1.160199 0.000232691595006815
1.160399 0.00588706239378693
1.160599 -0.0141178181431111
1.160799 -0.0104816902227026
1.160999 -0.00117950879840263
1.161199 0.00271018767310753
1.161399 -0.00825323111341047
1.161599 0.020443884737077
1.161799 -0.00135049368130804
1.161999 -0.0272363610485719
1.162199 0.00910344574473825
1.162399 -0.00962205280933087
1.162599 0.00582893022484259
1.162799 0.00524213284147431
1.162999 0.000682593934214775
1.163199 -0.0232021853977513
1.163399 0.0178222573233958
1.163599 0.00374266862011661
1.163799 -0.00458645041909856
1.163999 -0.00511253473880563
1.164199 -0.0131633192526694
1.164399 -0.000338109962523563
1.164599 -0.0201330881513013
1.164799 0.018487860606535
1.164999 -0.00730658574818887
1.165199 0.00522072301231905
1.165399 0.016190912650251
1.165599 -0.00944994295198272
1.165799 -0.00919877840874961
1.165999 0.0197070079317846
1.166199 0.0237146706120052
1.166399 -0.00706424857060286
1.166599 -0.00607138683296034
1.166799 -0.0131085045973087
1.166999 0.0160340830081631
1.167199 -0.00913003713051929
1.167399 0.00642139573048413
1.167599 0.00225818954308721
1.167799 0.0103125406645278
1.167999 -0.022326056000144
1.168199 -0.00278366202929135
1.168399 0.000480742130864047
1.168599 -0.0153153859469086
1.168799 0.00830012373555501
1.168999 0.0171496257119354
1.169199 -0.000107440421465194
1.169399 0.0132077638410759
1.169599 -0.00478195271232069
1.169799 0.0227198878388954
1.169999 -0.00327682386612183
1.170199 0.012072288855969
1.170399 -0.0155389229220067
1.170599 -0.00480350488871577
1.170799 0.0230028753651643
1.170999 -0.00270296196100141
1.171199 -0.0234835614787352
1.171399 -0.025157759810147
1.171599 0.00846965284082978
1.171799 0.0328363104813699
1.171999 -0.0208355167668832
1.172199 -0.00142967407274496
1.172399 0.0272261710997077
1.172599 0.0122403675265421
1.172799 0.000220348603542438
1.172999 -0.0152347467040728
1.173199 0.0152956797729998
1.173399 0.00863400797685003
1.173599 -0.00886050910829456
1.173799 -0.00468504080981111
1.173999 0.00780251902249805
1.174199 -0.0081303424748394
1.174399 -0.0139770195331813
1.174599 0.00475998638840937
1.174799 0.0244692669980111
1.174999 -0.0112562222203344
1.175199 -0.00504903128165587
1.175399 -0.0261931911272493
1.175599 0.0168954827018151
1.175799 0.0214204168485121
1.175999 0.00415553789663639
1.176199 0.00819044966458511
1.176399 -0.00215605405168045
1.176599 -0.0317854654189669
1.176799 0.00128332229398649
1.176999 -0.0127343164692991
1.177199 0.00652453471435263
1.177399 -0.0104100533861543
1.177599 0.0200475473024143
1.177799 0.00106082323699175
1.177999 0.00681684466068508
1.178199 -0.00230441570067302
1.178399 0.0112677778359671
1.178599 -0.00277503031068655
1.178799 0.00769335094295109
1.178999 0.00546687478994738
1.179199 -0.0135461978644491
1.179399 -0.00518972044090687
1.179599 0.00530621859793811
1.179799 0.014099913962914
1.179999 -0.00901584579939247
1.180199 -0.01630020894928
1.180399 0.0264419440742166
1.180599 -0.020141726379499
1.180799 0.00210929794383593
1.180999 0.0351900863564117
1.181199 -0.0101117725762746
1.181399 -0.0127693863457908
1.181599 0.01440797444152
1.181799 0.0123139086598595
1.181999 -0.0149714782433704
1.182199 -0.00414710023923102
1.182399 0.0187959941069994
1.182599 -0.00605099143093729
1.182799 -0.00178193687839057
1.182999 -0.0282598374140893
1.183199 -0.0052442379395901
1.183399 0.0118244252556881
1.183599 -0.0248503440128223
1.183799 0.0104183559716318
1.183999 0.00487120426549436
1.184199 -0.00939173262131849
1.184399 0.00223578491447848
1.184599 -0.00488779244558695
1.184799 -0.0120346632372781
1.184999 0.0229224323060511
1.185199 -0.0171838742545105
1.185399 0.00647134377340427
1.185599 0.00342803347407469
1.185799 -0.00932175063441709
1.185999 0.0136129977697056
1.186199 -0.00644706428012923
1.186399 -0.00190425608874932
1.186599 0.0100734157507027
1.186799 0.00288603818218626
1.186999 0.0240749804635491
1.187199 0.0200518831309318
1.187399 -0.0202456186641762
1.187599 0.00510734085574781
1.187799 -0.00478975200374194
1.187999 -0.0178470148717004
1.188199 -0.00206957553065896
1.188399 -0.00473346919965297
1.188599 0.0147984908382183
1.188799 -0.0154214123387415
1.188999 0.00731816019437643
1.189199 0.0107493628419916
1.189399 0.00748548149345628
1.189599 -0.0187250289527201
1.189799 0.00408375627071155
1.189999 0.00125586691356577
1.190199 0.00944135822844066
1.190399 0.00429230868065041
1.190599 0.0115248126704319
1.190799 -0.0110571644413682
1.190999 -0.00791210988431085
1.191199 0.0272254856375946
1.191399 -0.00628909529778256
1.191599 -0.0121196360956653
1.191799 -0.000830431377255373
1.191999 0.0140968039779669
1.192199 -0.00842686599012391
1.192399 -0.0105843837201427
1.192599 0.0070609387375297
1.192799 0.0034149311848092
1.192999 -0.00644342577150134
1.193199 0.00488833192166633
1.193399 0.0312232781196101
1.193599 -0.0189890411304938
1.193799 -0.0089371345836506
1.193999 -0.0161643027681151
1.194199 0.0035161940387268
1.194399 -0.0219610219471912
1.194599 0.000158417713424134
1.194799 -0.0170583770922801
1.194999 -0.0198229389623948
1.195199 0.0304785878636059
1.195399 -0.00150577123380782
1.195599 0.0317954414879248
1.195799 -0.0130554186789244
1.195999 -0.0277842240780865
1.196199 0.00589559580301819
1.196399 0.0133302053267508
1.196599 -0.0103120706747428
1.196799 0.0119761696395608
1.196999 0.014367952064894
1.197199 0.00223891070443607
1.197399 -0.00852109993230894
1.197599 0.00555553918259783
1.197799 -0.00367744956918217
1.197999 0.00910416876380339
1.198199 -0.00869928504177798
1.198399 0.00962763172484355
1.198599 0.00301799099542903
1.198799 -0.00460297594246893
1.198999 0.011657575808544
1.199199 0.00322545853400746
1.199399 -0.0173170101269617
1.199599 0.0296507579929464
1.199799 -0.00310031844935505
1.199999 0.00352770407113591
1.200199 -0.018846895742828
1.200399 0.00244592376132354
1.200599 0.00467485190803463
1.200799 -0.00500901503521863
1.200999 0.00210602619346974
1.201199 -0.0200344046934083
1.201399 0.0150964641634674
1.201599 -0.0109665148035218
1.201799 -0.00220388142026181
1.201999 -0.00273173143614564
1.202199 -0.00693850904519955
1.202399 -0.0179131235388059
1.202599 -0.00571655643816119
1.202799 -0.0155413010427043
1.202999 0.0124640274895741
1.203199 -0.00590253738358134
1.203399 -0.000900714712525415
1.203599 -0.0104106015297621
1.203799 -0.0055375611906704
1.203999 0.00225356638964779
1.204199 -0.00360980879853696
1.204399 0.000285667119444322
1.204599 -0.00248419969255491
1.204799 0.030217546842607
1.204999 -0.0158193991772345
1.205199 -0.0107493534085398
1.205399 0.0121505933019666
1.205599 -0.0161718384169343
1.205799 0.00137741326512143
1.205999 -0.006064453716098
1.206199 -0.0192019127730044
1.206399 0.00251676328313143
1.206599 0.00267909421804834
1.206799 -0.00402365896612896
1.206999 -0.019846511332221
1.207199 0.0126631950073604
1.207399 0.00561418575488848
1.207599 -0.00647099076812229
1.207799 0.00934296849296084
1.207999 -0.0153685774933008
1.208199 0.000219197782808132
1.208399 0.0257858883616994
1.208599 -0.0126437986769498
1.208799 -0.0271306154817493
1.208999 -0.00574384540665675
1.209199 0.00134319550234245
1.209399 -0.0244404623668748
1.209599 0.0020983892020914
1.209799 0.00344255057040286
1.209999 -0.0310194317234743
1.210199 2.46784324920695e-05
1.210399 -0.0114180467295606
1.210599 -0.0192118096771159
1.210799 0.0342789831010477
1.210999 0.00198898631675038
1.211199 -0.0173189748406695
1.211399 0.00757865620725751
1.211599 -0.00883141473922381
1.211799 -0.0129415792241589
1.211999 -0.0150740162248813
1.212199 0.0163514831495847
1.212399 -0.0257888474354449
1.212599 0.00310393321066354
1.212799 0.0261706526708057
1.212999 0.00141205531240955
1.213199 0.0193225081770096
1.213399 0.00102828810450346
1.213599 0.0117215006664208
1.213799 -0.00934847130051907
1.213999 -0.00100445022793439
1.214199 0.00744260055444875
1.214399 0.00128629178879743
1.214599 0.00256431679092579
1.214799 0.00706573699521817
1.214999 0.00326980239923861
1.215199 -0.00125169853257951
1.215399 0.0124127081285327
1.215599 -0.00607176233021594
1.215799 -0.00442560805185958
1.215999 -0.00519348154858043
1.216199 -0.00115409346477853
1.216399 -0.00574806851786336
1.216599 0.0118060263065256
1.216799 -0.000685199914855453
1.216999 -0.0028246945288266
1.217199 -0.00580986272686714
1.217399 -0.0148012734314584
1.217599 0.0109679500740922
1.217799 0.0236116024058778
1.217999 -0.0263309119014152
1.218199 -0.0151213987445142
1.218399 0.00414911069551196
1.218599 0.00710022799592352
1.218799 0.00678958289218625
1.218999 -0.00859951604085925
1.219199 -0.00300851465112965
1.219399 -0.00274212479715295
1.219599 0.00179743008181029
1.219799 -0.00409398565040263
1.219999 0.0166136882065758
1.220199 -0.00982463082785274
1.220399 -0.00996673301232819
1.220599 0.0146964646345112
1.220799 -0.00256073271788014
1.220999 0.016528920173259
1.221199 -0.00720837488096955
1.221399 0.0124949882179454
1.221599 0.0129659195242121
1.221799 0.00720649398930343
1.221999 0.000745175353816973
1.222199 0.00575894223567022
1.222399 0.00877095618309856
1.222599 -0.00232941215376847
1.222799 -0.0111191762225396
1.222999 -0.0117386359128445
1.223199 0.0121166325579949
1.223399 -0.0244130816568528
1.223599 -0.00245639240460996
1.223799 0.00101835368911274
1.223999 -0.00751321290642588
1.224199 0.0211729458671391
1.224399 -0.0241472362100941
1.224599 0.00191245318772697
1.224799 0.00780701517813079
1.224999 -0.00843355207203433
1.225199 -0.00749271918603262
1.225399 -0.00938469006506493
1.225599 0.0210934114417705
1.225799 0.0124081678419809
1.225999 -0.0225135984463504
1.226199 -0.00582818606319105
1.226399 0.0142711076938219
1.226599 -0.000777236645676977
1.226799 -0.0182866483933983
1.226999 0.00826235203722454
1.227199 0.00145458375827324
1.227399 0.0146365855213284
1.227599 -0.00284120160345935
1.227799 0.00115620213911196
1.227999 0.00591161272087838
1.228199 -0.0162273317346253
1.228399 0.00334137728450805
1.228599 -0.00774213013083686
1.228799 0.0203518734132066
1.228999 -0.000123914740444312
1.229199 0.000447574200740272
1.229399 -0.0201303513806976
1.229599 0.00443999232358823
1.229799 0.000740835285499155
1.229999 0.0147200018256865
1.230199 0.00915552675040546
1.230399 0.00322819809021173
1.230599 -0.0107260256187956
1.230799 0.00255215871142013
1.230999 0.00633892682459728
1.231199 -0.0035509082146511
1.231399 0.0121346139620517
1.231599 -0.0160848588655001
1.231799 0.015699999810226
1.231999 0.00446134371092466
1.232199 -0.0223034427854725
1.232399 0.0187906440251025
1.232599 -0.0333187447756985
1.232799 0.00907251509239171
1.232999 -0.00184670221931372
1.233199 0.00769712577160173
1.233399 0.0143556596630864
1.233599 0.00719217205022287
1.233799 -0.014227491626082
1.233999 0.00819410535112061
1.234199 -0.00210722661725873
1.234399 0.00740704773637258
1.234599 -0.012061938743541
1.234799 -0.0255847044111921
1.234999 -7.8942558308753e-05
1.235199 -0.0168708272721313
1.235399 0.0207206952484814
1.235599 0.00323106936933442
1.235799 -0.002231676880586
1.235999 0.0146696686696682
1.236199 0.00581608564015944
1.236399 0.0206465701121643
1.236599 -0.0196928732475455
1.236799 -0.0115199137111466
1.236999 0.00311430602335341
1.237199 -0.0161460236981913
1.237399 -0.0290451094837458
1.237599 0.0241120773728949
1.237799 0.0183485573368775
1.237999 -0.0242993032305433
1.238199 0.0177547938152507
1.238399 0.0217987676053968
1.238599 -0.016371396446573
1.238799 -0.0109043879858072
1.238999 0.0116731177007342
1.239199 0.0113033595035713
1.239399 -0.0255750206847464
1.239599 -0.0190737653705104
1.239799 0.00311782166577374
1.239999 0.0111611701694247
1.240199 0.0240823126544716
1.240399 -0.0154163670650454
1.240599 0.0189617138976486
1.240799 0.020110523142136
1.240999 0.015086134111118
1.241199 -0.0300804138233352
1.241399 0.0057055042545354
1.241599 0.0087716700028373
1.241799 -0.028098273618569
1.241999 -0.0123051250001793
1.242199 0.00222775650630331
1.242399 -0.0251433561431976
1.242599 0.00392507940960038
1.242799 0.013613775142594
1.242999 -0.00947656900705431
1.243199 0.0435120521080556
1.243399 -0.00416508998382197
1.243599 -0.0123148133845093
1.243799 0.0203797922303802
1.243999 0.0142457833268592
1.244199 -0.0242732922269457
1.244399 -0.0263560273984673
1.244599 0.0322858559531572
1.244799 -0.0207665785044089
1.244999 -0.0185395132517712
1.245199 0.0146775812812244
1.245399 0.000898161942840615
1.245599 0.00733118645977208
1.245799 0.023914531514391
1.245999 0.0208095620603094
1.246199 -0.0040364789843574
1.246399 -0.00426707292818753
1.246599 0.0189132967757871
1.246799 -0.0146064907027268
1.246999 -0.0117062391817411
1.247199 0.0240199372562406
1.247399 -0.0122595739429382
1.247599 0.00327692572233533
1.247799 -0.0231323826927273
1.247999 -0.0153935793973119
1.248199 0.0123502780200396
1.248399 -0.0145441667628329
1.248599 -0.00107783327504255
1.248799 -0.00233433654811602
1.248999 -0.0021535607318043
1.249199 -0.00363507833892931
1.249399 -0.00608436801436987
1.249599 0.018871189713717
1.249799 -0.00249076694639143
1.249999 0.00233015246471608
1.250199 0.0127131489240846
1.250399 -0.0059604805415854
1.250599 -0.00764421492436135
1.250799 0.00355791434779694
1.250999 0.00311432525996279
1.251199 -0.0432579534639835
1.251399 0.00684950731526407
1.251599 0.00273531702025488
1.251799 -0.0313693280042633
1.251999 0.0114201003760617
1.252199 -0.00888031317862461
1.252399 -0.00440848993804921
1.252599 0.0113116374434524
1.252799 -0.0163943831315612
1.252999 0.00415564961341458
1.253199 0.0164403072535158
1.253399 0.00424425037822133
1.253599 0.0228659040826055
1.253799 -0.00974137957598636
1.253999 -0.0246937307376288
1.254199 0.0243664580355561
1.254399 -0.0179443569775712
1.254599 -0.0213707335309812
1.254799 -0.00902560961779871
1.254999 0.0182534354416436
1.255199 -0.0218364030167634
1.255399 -0.00160524260470812
1.255599 -0.0119542553574712
1.255799 -0.00159685057767242
1.255999 0.0109943734209676
1.256199 -0.00494378503566574
1.256399 -0.00574066207671396
1.256599 0.00735203591381834
1.256799 -0.00962927598747915
1.256999 0.0168817376822778
1.257199 -0.00848606387103877
1.257399 -0.00875355135076774
1.257599 0.0227106527253029
1.257799 -0.00701584247736954
1.257999 -0.013228253589087
1.258199 0.0353973226388424
1.258399 -0.027259652243423
1.258599 0.00539580565384735
1.258799 0.00535293526854426
1.258999 -0.0122491706333866
1.259199 -0.000254803432497927
1.259399 0.0265994071315967
1.259599 -0.0331372932607163
1.259799 0.00785911302416467
1.259999 0.034354820267303
1.260199 -0.0128138958195193
1.260399 0.0173563075654144
1.260599 -0.0277119266107934
1.260799 -0.0197208592492754
1.260999 0.0136137140407128
1.261199 -0.011171986516934
1.261399 -0.000188120206690867
1.261599 0.00200191205314416
1.261799 0.0120196119148076
1.261999 -0.000948016883944176
1.262199 -0.0238838600910696
1.262399 0.0208400515990621
1.262599 -0.0159609400475903
1.262799 9.81363712183288e-05
1.262999 -0.0232346615951294
1.263199 0.00731619518705608
1.263399 0.026082551438906
1.263599 -0.0172598605439269
1.263799 -0.000367546100776226
1.263999 -0.00639691991431373
1.264199 0.00619546319839531
1.264399 -0.00394232822044392
1.264599 -0.00529528596527483
1.264799 0.00442427337477364
1.264999 0.00561726881861433
1.265199 0.00330287363082014
1.265399 0.00443215785639873
1.265599 0.00727460118876463
1.265799 -0.020945213428882
1.265999 0.0141295759349402
1.266199 0.0319247787173465
1.266399 -0.00908083137334594
1.266599 0.00959163513760478
1.266799 -0.0138591256924804
1.266999 -0.0107897755781679
1.267199 0.00583579293727195
1.267399 0.00439428097091436
1.267599 -0.0260775694259821
1.267799 -0.000493033317497335
1.267999 -0.0156269965461038
1.268199 -0.0122163925734756
1.268399 0.0221205770367544
1.268599 0.000192621195332362
1.268799 -0.00550618984188324
1.268999 0.00748628014750096
1.269199 0.0124935059232061
1.269399 -0.0144892056396316
1.269599 0.00733791947029904
1.269799 0.0116099297557959
1.269999 0.00296603483657615
1.270199 -0.0108568084413495
1.270399 0.00835119825939407
1.270599 0.00950997649335357
1.270799 0.0147781759986629
1.270999 -0.00748481278759756
1.271199 0.00878208886662259
1.271399 -0.00735814690132262
1.271599 0.00892412306277805
1.271799 -0.00313378959849233
1.271999 0.00441232414975466
1.272199 0.0051386388396565
1.272399 -0.00133949926320968
1.272599 -0.00162441199523763
1.272799 0.00682350944510334
1.272999 -0.000711275046085686
1.273199 0.0166690181269981
1.273399 -0.00291785216084526
1.273599 0.00932095939250529
1.273799 -0.0172554055002318
1.273999 -0.0161969988084096
1.274199 -0.00135874933254314
1.274399 0.00835114596939535
1.274599 0.00490533115831216
1.274799 0.00844943928198166
1.274999 -0.00469070040608524
1.275199 -0.00215808510279947
1.275399 -0.000813984527464176
1.275599 0.00439708321552221
1.275799 -0.00381510335611921
1.275999 0.0025867824904993
1.276199 -0.00843215183967152
1.276399 -0.00918189397173008
1.276599 0.00372686065671423
1.276799 -0.0251353086349784
1.276999 -0.00840813598726343
1.277199 -0.00940507296306775
1.277399 0.00513772578930113
1.277599 0.00495003713513338
1.277799 0.00591023766653635
1.277999 0.0141371238767356
1.278199 0.00670028122912552
1.278399 0.0247396231103704
1.278599 0.0106102120461276
1.278799 -0.0116396692611552
1.278999 0.0166409736868248
1.279199 0.00183741296527943
1.279399 0.00719642274843816
1.279599 0.000269632356622875
1.279799 0.0110603751665278
1.279999 -0.0134179428851508
1.280199 0.00451396600741585
1.280399 -0.0116095991125705
1.280599 0.00363336303315461
1.280799 0.000761636131312782
1.280999 -0.00654387102384537
1.281199 0.00495597006191685
1.281399 0.00285058135123431
1.281599 -0.0101829021185799
1.281799 0.0117767139557644
1.281999 -0.0199328332709799
1.282199 -0.00511078476162362
1.282399 0.016062487638405
1.282599 0.00555171069343742
1.282799 -0.0233396504830839
1.282999 0.00415245964574009
1.283199 -0.00442733083249386
1.283399 -0.0171319813001738
1.283599 0.00992529128275904
1.283799 -0.0237591942268018
1.283999 -0.00539753307842116
1.284199 0.0245071741405907
1.284399 -0.0112637166479974
1.284599 0.0104669573234086
1.284799 -0.00306519126716115
1.284999 0.00302420077357041
1.285199 0.0121141985751889
1.285399 0.00677983524049098
1.285599 -0.00470305386099963
1.285799 0.000635332855275141
1.285999 -0.00774494042588036
1.286199 -0.00471230192195895
1.286399 0.0107524071682079
1.286599 0.0142918836098368
1.286799 0.0019183206993661
1.286999 0.00572899098373189
1.287199 -0.0163636477334008
1.287399 -0.005870793016966
1.287599 0.00306391974338025
1.287799 0.00239348131823668
1.287999 -0.00254293698714956
1.288199 0.0274096996477465
1.288399 0.0175686317918599
1.288599 0.0051578607913548
1.288799 -0.0298554676148808
1.288999 0.0168702706554302
1.289199 0.0255627571890273
1.289399 -0.0261476523235433
1.289599 -0.00556565896859226
1.289799 0.0165457369007629
1.289999 0.000574846856541975
1.290199 0.0131407480722416
1.290399 -0.0141841313474038
1.290599 -0.00205758100205365
1.290799 -0.00287955863866442
1.290999 0.00560430194882233
1.291199 -0.017317616057065
1.291399 -0.00372474680149895
1.291599 0.0110603228869719
1.291799 0.0192574531095629
1.291999 -0.00770245505643232
1.292199 -0.00908883076321463
1.292399 0.0289616778346685
1.292599 0.00293256964787298
1.292799 0.0111360491687088
1.292999 -0.00906409979015871
1.293199 0.0119244977809114
1.293399 -0.0129618131934798
1.293599 -0.00776706250951683
1.293799 -0.0111583880022852
1.293999 -0.00612977209483171
1.294199 -0.00740978865836644
1.294399 -0.00756098805350396
1.294599 -0.00396731897856778
1.294799 -0.0230277915149131
1.294999 0.0111560643124828
1.295199 0.0086268768747086
1.295399 0.00263643242373035
1.295599 -0.00119636239492575
1.295799 0.020271254301946
1.295999 -0.0164232177489207
1.296199 -0.00427153272968139
1.296399 -0.0136190904872469
1.296599 0.0161183526366359
1.296799 -0.00740382832805891
1.296999 0.0169080425032178
1.297199 0.00587125354101782
1.297399 0.00217283485674356
1.297599 -0.011364418013826
1.297799 0.00223230506786604
1.297999 -0.00181519652348094
1.298199 -0.00618965359867941
1.298399 0.00812628572909895
1.298599 -0.02045334004636
1.298799 0.00664786432812912
1.298999 -0.0198449503560311
1.299199 0.0146893647293368
1.299399 0.0195328718124473
1.299599 -0.0309943393900396
1.299799 0.00548079306108248
1.299999 0.0117067295567821
